0.6129415760869565
              precision    recall  f1-score   support

           0     0.0000    0.0000    0.0000        13
           1     0.3247    0.5435    0.4065        46
           2     0.0000    0.0000    0.0000        22
           3     0.5625    0.5806    0.5714        93

    accuracy                         0.4540       174
   macro avg     0.2218    0.2810    0.2445       174
weighted avg     0.3865    0.4540    0.4129       174

[[ 0  7  0  6]
 [ 0 25  0 21]
 [ 0  7  0 15]
 [ 0 38  1 54]]
0.4540229885057471