0.6231317934782609
              precision    recall  f1-score   support

           0     0.0189    0.0769    0.0303        13
           1     0.3058    0.8043    0.4431        46
           2     0.0000    0.0000    0.0000        22
           3     0.0000    0.0000    0.0000        93

    accuracy                         0.2184       174
   macro avg     0.0812    0.2203    0.1184       174
weighted avg     0.0822    0.2184    0.1194       174

[[ 1 12  0  0]
 [ 9 37  0  0]
 [ 4 18  0  0]
 [39 54  0  0]]
0.21839080459770116