0.5528192934782609
              precision    recall  f1-score   support

           0     0.0000    0.0000    0.0000        13
           1     0.2500    0.0217    0.0400        46
           2     0.0000    0.0000    0.0000        22
           3     0.5325    0.9677    0.6870        93

    accuracy                         0.5230       174
   macro avg     0.1956    0.2474    0.1818       174
weighted avg     0.3507    0.5230    0.3778       174

[[ 0  0  0 13]
 [ 0  1  0 45]
 [ 0  1  0 21]
 [ 0  2  1 90]]
0.5229885057471264