auc report confusion performance
0.5934103260869564
              precision    recall  f1-score   support

           0     0.0926    0.3846    0.1493        13
           1     0.0000    0.0000    0.0000        46
           2     0.0000    0.0000    0.0000        22
           3     0.5750    0.7419    0.6479        93

    accuracy                         0.4253       174
   macro avg     0.1669    0.2816    0.1993       174
weighted avg     0.3142    0.4253    0.3574       174

[[ 5  0  0  8]
 [19  0  0 27]
 [ 6  0  0 16]
 [24  0  0 69]]
0.42528735632183906