0.6209239130434783
              precision    recall  f1-score   support

           0     0.0000    0.0000    0.0000        13
           1     0.4000    0.3913    0.3956        46
           2     0.0000    0.0000    0.0000        22
           3     0.6202    0.8602    0.7207        93

    accuracy                         0.5632       174
   macro avg     0.2550    0.3129    0.2791       174
weighted avg     0.4372    0.5632    0.4898       174

[[ 0  9  0  4]
 [ 0 18  0 28]
 [ 0  5  0 17]
 [ 0 13  0 80]]
0.5632183908045977